X Y
0.1399 0.0011111111111111111
0.13999988876529476 0.0011111111111111111
0.14009977753058955 0.0011111111111111111
0.14019966629588432 0.0011111111111111111
0.14029955506117908 0.0011111111111111111
0.14039944382647385 0.0011111111111111111
0.14049933259176864 0.0011111111111111111
0.1405992213570634 0.0011111111111111111
0.14069911012235817 0.0011111111111111111
0.14079899888765293 0.0011111111111111111
0.14089888765294772 0.0011111111111111111
0.1409987764182425 0.0011111111111111111
0.14109866518353725 0.0011111111111111111
0.14119855394883205 0.0011111111111111111
0.1412984427141268 0.0011111111111111111
0.14139833147942157 0.0011111111111111111
0.14149822024471634 0.0011111111111111111
0.14159810901001113 0.0011111111111111111
0.1416979977753059 0.0011111111111111111
0.14179788654060066 0.0011111111111111111
0.14189777530589542 0.0011111111111111111
0.14199766407119022 0.0011111111111111111
0.14209755283648498 0.0011111111111111111
0.14219744160177974 0.0011111111111111111
0.14229733036707454 0.0011111111111111111
0.1423972191323693 0.0011111111111111111
0.14249710789766407 0.0011111111111111111
0.14259699666295883 0.0011111111111111111
0.14269688542825362 0.0011111111111111111
0.1427967741935484 0.0011111111111111111
0.14289666295884315 0.0011111111111111111
0.14299655172413792 0.0011111111111111111
0.1430964404894327 0.0011111111111111111
0.14319632925472747 0.0011111111111111111
0.14329621802002224 0.0011111111111111111
0.143396106785317 0.0011111111111111111
0.1434959955506118 0.0011111111111111111
0.14359588431590656 0.0011111111111111111
0.14369577308120132 0.0011111111111111111
0.14379566184649611 0.0011111111111111111
0.14389555061179088 0.0011111111111111111
0.14399543937708564 0.0011111111111111111
0.1440953281423804 0.0011111111111111111
0.1441952169076752 0.0011111111111111111
0.14429510567296996 0.0011111111111111111
0.14439499443826473 0.0011111111111111111
0.14449488320355952 0.0011111111111111111
0.14459477196885429 0.0011111111111111111
0.14469466073414905 0.0011111111111111111
0.14479454949944381 0.0011111111111111111
0.1448944382647386 0.0011111111111111111
0.14499432703003337 0.0011111111111111111
0.14509421579532814 0.0011111111111111111
0.1451941045606229 0.0011111111111111111
0.1452939933259177 0.0011111111111111111
0.14539388209121246 0.0011111111111111111
0.14549377085650722 0.0011111111111111111
0.14559365962180199 0.0011111111111111111
0.14569354838709678 0.0011111111111111111
0.14579343715239154 0.0011111111111111111
0.1458933259176863 0.0011111111111111111
0.1459932146829811 0.0011111111111111111
0.14609310344827586 0.0011111111111111111
0.14619299221357063 0.0022222222222222222
0.1462928809788654 0.0022222222222222222
0.14639276974416018 0.0022222222222222222
0.14649265850945495 0.0022222222222222222
0.1465925472747497 0.0022222222222222222
0.14669243604004448 0.0033333333333333335
0.14679232480533927 0.0044444444444444444
0.14689221357063403 0.0044444444444444444
0.1469921023359288 0.0044444444444444444
0.1470919911012236 0.0044444444444444444
0.14719187986651835 0.0044444444444444444
0.14729176863181312 0.005555555555555556
0.14739165739710788 0.005555555555555556
0.14749154616240268 0.005555555555555556
0.14759143492769744 0.0077777777777777776
0.1476913236929922 0.01
0.14779121245828697 0.011111111111111112
0.14789110122358176 0.011111111111111112
0.14799098998887653 0.011111111111111112
0.1480908787541713 0.012222222222222223
0.14819076751946608 0.012222222222222223
0.14829065628476085 0.012222222222222223
0.1483905450500556 0.012222222222222223
0.14849043381535038 0.012222222222222223
0.14859032258064517 0.012222222222222223
0.14869021134593993 0.013333333333333334
0.1487901001112347 0.013333333333333334
0.14888998887652946 0.014444444444444444
0.14898987764182425 0.014444444444444444
0.14908976640711902 0.015555555555555555
0.14918965517241378 0.017777777777777778
0.14928954393770855 0.017777777777777778
0.14938943270300334 0.017777777777777778
0.1494893214682981 0.01888888888888889
0.14958921023359287 0.01888888888888889
0.14968909899888766 0.01888888888888889
0.14978898776418242 0.021111111111111112
0.1498888765294772 0.021111111111111112
0.14998876529477195 0.021111111111111112
0.15008865406006675 0.021111111111111112
0.1501885428253615 0.024444444444444446
0.15028843159065627 0.024444444444444446
0.15038832035595107 0.025555555555555557
0.15048820912124583 0.025555555555555557
0.1505880978865406 0.025555555555555557
0.15068798665183536 0.02666666666666667
0.15078787541713015 0.027777777777777776
0.15088776418242492 0.028888888888888888
0.15098765294771968 0.028888888888888888
0.15108754171301444 0.028888888888888888
0.15118743047830924 0.03
0.151287319243604 0.03111111111111111
0.15138720800889877 0.03111111111111111
0.15148709677419353 0.03111111111111111
0.15158698553948832 0.03222222222222222
0.1516868743047831 0.03222222222222222
0.15178676307007785 0.03222222222222222
0.15188665183537264 0.03222222222222222
0.1519865406006674 0.03333333333333333
0.15208642936596217 0.03333333333333333
0.15218631813125694 0.034444444444444444
0.15228620689655173 0.034444444444444444
0.1523860956618465 0.035555555555555556
0.15248598442714126 0.03666666666666667
0.15258587319243605 0.03777777777777778
0.15268576195773081 0.03777777777777778
0.15278565072302558 0.03777777777777778
0.15288553948832034 0.03888888888888889
0.15298542825361514 0.04
0.1530853170189099 0.04111111111111111
0.15318520578420466 0.04111111111111111
0.15328509454949943 0.04111111111111111
0.15338498331479422 0.04111111111111111
0.15348487208008899 0.04111111111111111
0.15358476084538375 0.042222222222222223
0.15368464961067851 0.044444444444444446
0.1537845383759733 0.044444444444444446
0.15388442714126807 0.04666666666666667
0.15398431590656284 0.04888888888888889
0.15408420467185763 0.05
0.1541840934371524 0.051111111111111114
0.15428398220244716 0.052222222222222225
0.15438387096774192 0.052222222222222225
0.1544837597330367 0.052222222222222225
0.15458364849833148 0.052222222222222225
0.15468353726362624 0.052222222222222225
0.154783426028921 0.05333333333333334
0.1548833147942158 0.05333333333333334
0.15498320355951056 0.05555555555555555
0.15508309232480533 0.05555555555555555
0.15518298109010012 0.056666666666666664
0.15528286985539488 0.056666666666666664
0.15538275862068965 0.056666666666666664
0.1554826473859844 0.057777777777777775
0.1555825361512792 0.058888888888888886
0.15568242491657397 0.058888888888888886
0.15578231368186873 0.06111111111111111
0.1558822024471635 0.06333333333333334
0.1559820912124583 0.06444444444444444
0.15608197997775305 0.06555555555555556
0.15618186874304782 0.06555555555555556
0.1562817575083426 0.06666666666666667
0.15638164627363738 0.06777777777777778
0.15648153503893214 0.06888888888888889
0.1565814238042269 0.07
0.1566813125695217 0.07111111111111111
0.15678120133481646 0.07111111111111111
0.15688109010011123 0.07111111111111111
0.156980978865406 0.07111111111111111
0.15708086763070078 0.07222222222222222
0.15718075639599555 0.07333333333333333
0.1572806451612903 0.07666666666666666
0.15738053392658508 0.07666666666666666
0.15748042269187987 0.07777777777777778
0.15758031145717463 0.07777777777777778
0.1576802002224694 0.07777777777777778
0.1577800889877642 0.07888888888888888
0.15787997775305895 0.0811111111111111
0.15797986651835372 0.0811111111111111
0.15807975528364848 0.0811111111111111
0.15817964404894327 0.08333333333333333
0.15827953281423804 0.08444444444444445
0.1583794215795328 0.08666666666666667
0.1584793103448276 0.08888888888888889
0.15857919911012236 0.09
0.15867908787541712 0.09111111111111111
0.1587789766407119 0.09333333333333334
0.15887886540600668 0.09444444444444444
0.15897875417130145 0.09444444444444444
0.1590786429365962 0.09555555555555556
0.15917853170189097 0.09777777777777778
0.15927842046718577 0.10111111111111111
0.15937830923248053 0.10222222222222223
0.1594781979977753 0.10444444444444445
0.15957808676307006 0.10555555555555556
0.15967797552836485 0.10666666666666667
0.15977786429365962 0.11
0.15987775305895438 0.1111111111111111
0.15997764182424917 0.11333333333333333
0.16007753058954394 0.11555555555555555
0.1601774193548387 0.11777777777777777
0.16027730812013347 0.11888888888888889
0.16037719688542826 0.12111111111111111
0.16047708565072302 0.12333333333333334
0.1605769744160178 0.12666666666666668
0.16067686318131258 0.12666666666666668
0.16077675194660734 0.12666666666666668
0.1608766407119021 0.13
0.16097652947719687 0.13
0.16107641824249164 0.1322222222222222
0.16117630700778643 0.13333333333333333
0.1612761957730812 0.13666666666666666
0.16137608453837596 0.13777777777777778
0.16147597330367075 0.1388888888888889
0.16157586206896551 0.1411111111111111
0.16167575083426028 0.1411111111111111
0.16177563959955504 0.14666666666666667
0.16187552836484984 0.14666666666666667
0.1619754171301446 0.14888888888888888
0.16207530589543936 0.1511111111111111
0.16217519466073416 0.15333333333333332
0.16227508342602892 0.15777777777777777
0.16237497219132369 0.15777777777777777
0.16247486095661845 0.1622222222222222
0.16257474972191324 0.16333333333333333
0.162674638487208 0.16666666666666666
0.16277452725250277 0.17
0.16287441601779756 0.17
0.16297430478309233 0.17333333333333334
0.1630741935483871 0.17666666666666667
0.16317408231368186 0.17888888888888888
0.16327397107897662 0.17888888888888888
0.1633738598442714 0.17888888888888888
0.16347374860956618 0.1811111111111111
0.16357363737486094 0.1811111111111111
0.16367352614015573 0.18222222222222223
0.1637734149054505 0.18222222222222223
0.16387330367074526 0.18555555555555556
0.16397319243604003 0.18888888888888888
0.16407308120133482 0.19333333333333333
0.16417296996662958 0.19666666666666666
0.16427285873192435 0.19777777777777777
0.16437274749721914 0.2011111111111111
0.1644726362625139 0.20666666666666667
0.16457252502780867 0.20777777777777778
0.16467241379310343 0.21
0.16477230255839823 0.21333333333333335
0.164872191323693 0.21888888888888888
0.16497208008898775 0.22666666666666666
0.16507196885428252 0.23333333333333334
0.1651718576195773 0.2388888888888889
0.16527174638487208 0.24222222222222223
0.16537163515016684 0.24444444444444444
0.1654715239154616 0.24444444444444444
0.1655714126807564 0.24888888888888888
0.16567130144605116 0.2544444444444444
0.16577119021134593 0.26
0.16587107897664072 0.2611111111111111
0.16597096774193548 0.2677777777777778
0.16607085650723025 0.27
0.166170745272525 0.27
0.1662706340378198 0.27
0.16637052280311457 0.2733333333333333
0.16647041156840933 0.27666666666666667
0.16657030033370412 0.2811111111111111
0.1666701890989989 0.2866666666666667
0.16677007786429365 0.2922222222222222
0.16686996662958842 0.29555555555555557
0.1669698553948832 0.29888888888888887
0.16706974416017797 0.30333333333333334
0.16716963292547274 0.30666666666666664
0.1672695216907675 0.31222222222222223
0.1673694104560623 0.31555555555555553
0.16746929922135706 0.31777777777777777
0.16756918798665182 0.32
0.1676690767519466 0.3288888888888889
0.16776896551724138 0.33111111111111113
0.16786885428253615 0.33444444444444443
0.1679687430478309 0.3388888888888889
0.1680686318131257 0.3422222222222222
0.16816852057842047 0.3477777777777778
0.16826840934371523 0.3511111111111111
0.16836829810901 0.3522222222222222
0.1684681868743048 0.3566666666666667
0.16856807563959955 0.3655555555555556
0.16866796440489432 0.36666666666666664
0.1687678531701891 0.3711111111111111
0.16886774193548387 0.37555555555555553
0.16896763070077864 0.38
0.1690675194660734 0.38333333333333336
0.16916740823136817 0.3877777777777778
0.16926729699666296 0.39666666666666667
0.16936718576195772 0.3977777777777778
0.1694670745272525 0.4011111111111111
0.16956696329254728 0.40444444444444444
0.16966685205784204 0.40555555555555556
0.1697667408231368 0.4122222222222222
0.16986662958843157 0.41555555555555557
0.16996651835372636 0.42
0.17006640711902113 0.4266666666666667
0.1701662958843159 0.4288888888888889
0.17026618464961069 0.43333333333333335
0.17036607341490545 0.4388888888888889
0.17046596218020021 0.4411111111111111
0.17056585094549498 0.4444444444444444
0.17066573971078977 0.44666666666666666
0.17076562847608454 0.45
0.1708655172413793 0.45111111111111113
0.17096540600667406 0.4533333333333333
0.17106529477196886 0.45666666666666667
0.17116518353726362 0.46
0.17126507230255839 0.46444444444444444
0.17136496106785315 0.4666666666666667
0.17146484983314794 0.4711111111111111
0.1715647385984427 0.47555555555555556
0.17166462736373747 0.4777777777777778
0.17176451612903226 0.4811111111111111
0.17186440489432703 0.4811111111111111
0.1719642936596218 0.4811111111111111
0.17206418242491656 0.4822222222222222
0.17216407119021135 0.4866666666666667
0.1722639599555061 0.4888888888888889
0.17236384872080088 0.49
0.17246373748609567 0.49
0.17256362625139043 0.49444444444444446
0.1726635150166852 0.4955555555555556
0.17276340378197996 0.49777777777777776
0.17286329254727473 0.4988888888888889
0.17296318131256952 0.5011111111111111
0.17306307007786428 0.5033333333333333
0.17316295884315908 0.5033333333333333
0.17326284760845384 0.5066666666666667
0.1733627363737486 0.5066666666666667
0.17346262513904337 0.5066666666666667
0.17356251390433813 0.5088888888888888
0.17366240266963293 0.51
0.1737622914349277 0.51
0.17386218020022245 0.51
0.17396206896551725 0.51
0.174061957730812 0.51
0.17416184649610678 0.51
0.17426173526140154 0.51
0.17436162402669633 0.51
0.1744615127919911 0.51
0.17456140155728586 0.5111111111111111
0.17466129032258065 0.5111111111111111
0.17476117908787542 0.5111111111111111
0.17486106785317018 0.5122222222222222
0.17496095661846495 0.5122222222222222
0.1750608453837597 0.5122222222222222
0.1751607341490545 0.5122222222222222
0.17526062291434927 0.5122222222222222
0.17536051167964406 0.5122222222222222
0.17546040044493882 0.5122222222222222
0.1755602892102336 0.5122222222222222
0.17566017797552835 0.5122222222222222
0.17576006674082312 0.5122222222222222
0.1758599555061179 0.5122222222222222
0.17595984427141267 0.5122222222222222
0.17605973303670744 0.5122222222222222
0.17615962180200223 0.5122222222222222
0.176259510567297 0.5122222222222222
0.17635939933259176 0.5122222222222222
0.17645928809788652 0.5122222222222222
0.17655917686318132 0.5122222222222222
0.17665906562847608 0.5122222222222222
0.17675895439377085 0.5122222222222222
0.17685884315906564 0.5122222222222222
0.1769587319243604 0.5122222222222222
0.17705862068965517 0.5122222222222222
0.17715850945494993 0.5122222222222222
0.1772583982202447 0.5122222222222222
0.1773582869855395 0.5122222222222222
0.17745817575083425 0.5122222222222222
0.17755806451612902 0.5122222222222222
0.1776579532814238 0.5122222222222222
0.17775784204671857 0.5122222222222222
0.17785773081201334 0.5122222222222222
0.1779576195773081 0.5122222222222222
0.1780575083426029 0.5122222222222222
0.17815739710789766 0.5122222222222222
0.17825728587319242 0.5133333333333333
0.17835717463848721 0.5133333333333333
0.17845706340378198 0.5133333333333333
0.17855695216907674 0.5133333333333333
0.1786568409343715 0.5133333333333333
0.17875672969966627 0.5133333333333333
0.17885661846496106 0.5133333333333333
0.17895650723025583 0.5133333333333333
0.17905639599555062 0.5133333333333333
0.17915628476084539 0.5133333333333333
0.17925617352614015 0.5133333333333333
0.17935606229143491 0.5133333333333333
0.17945595105672968 0.5133333333333333
0.17955583982202447 0.5133333333333333
0.17965572858731924 0.5133333333333333
0.179755617352614 0.5133333333333333
0.1798555061179088 0.5133333333333333
0.17995539488320356 0.5133333333333333
0.18005528364849832 0.5133333333333333
0.18015517241379309 0.5133333333333333
0.18025506117908788 0.5133333333333333
0.18035494994438264 0.5133333333333333
0.1804548387096774 0.5133333333333333
0.1805547274749722 0.5133333333333333
0.18065461624026696 0.5133333333333333
0.18075450500556173 0.5133333333333333
0.1808543937708565 0.5133333333333333
0.18095428253615126 0.5133333333333333
0.18105417130144605 0.5133333333333333
0.1811540600667408 0.5133333333333333
0.1812539488320356 0.5133333333333333
0.18135383759733037 0.5133333333333333
0.18145372636262513 0.5133333333333333
0.1815536151279199 0.5133333333333333
0.18165350389321466 0.5133333333333333
0.18175339265850946 0.5133333333333333
0.18185328142380422 0.5133333333333333
0.18195317018909898 0.5133333333333333
0.18205305895439378 0.5133333333333333
0.18215294771968854 0.5133333333333333
0.1822528364849833 0.5133333333333333
0.18235272525027807 0.5133333333333333
0.18245261401557286 0.5133333333333333
0.18255250278086763 0.5133333333333333
0.1826523915461624 0.5133333333333333
0.18275228031145718 0.5133333333333333
0.18285216907675195 0.5133333333333333
0.1829520578420467 0.5133333333333333
0.18305194660734148 0.5133333333333333
0.18315183537263624 0.5133333333333333
0.18325172413793103 0.5133333333333333
0.1833516129032258 0.5133333333333333
0.18345150166852056 0.5133333333333333
0.18355139043381535 0.5133333333333333
0.18365127919911012 0.5133333333333333
0.18375116796440488 0.5133333333333333
0.18385105672969965 0.5133333333333333
0.18395094549499444 0.5133333333333333
0.1840508342602892 0.5133333333333333
0.18415072302558397 0.5133333333333333
0.18425061179087876 0.5133333333333333
0.18435050055617352 0.5133333333333333
0.1844503893214683 0.5133333333333333
0.18455027808676305 0.5133333333333333
0.18465016685205782 0.5133333333333333
0.1847500556173526 0.5133333333333333
0.18484994438264737 0.5133333333333333
0.18494983314794217 0.5133333333333333
0.18504972191323693 0.5133333333333333
0.1851496106785317 0.5133333333333333
0.18524949944382646 0.5133333333333333
0.18534938820912122 0.5133333333333333
0.18544927697441602 0.5133333333333333
0.18554916573971078 0.5133333333333333
0.18564905450500555 0.5133333333333333
0.18574894327030034 0.5133333333333333
0.1858488320355951 0.5133333333333333
0.18594872080088987 0.5133333333333333
0.18604860956618463 0.5133333333333333
0.18614849833147942 0.5133333333333333
0.1862483870967742 0.5133333333333333
0.18634827586206895 0.5133333333333333
0.18644816462736374 0.5133333333333333
0.1865480533926585 0.5133333333333333
0.18664794215795327 0.5133333333333333
0.18674783092324804 0.5133333333333333
0.1868477196885428 0.5144444444444445
0.1869476084538376 0.5144444444444445
0.18704749721913236 0.5144444444444445
0.18714738598442715 0.5144444444444445
0.18724727474972191 0.5144444444444445
0.18734716351501668 0.5144444444444445
0.18744705228031144 0.5144444444444445
0.1875469410456062 0.5144444444444445
0.187646829810901 0.5144444444444445
0.18774671857619576 0.5144444444444445
0.18784660734149053 0.5144444444444445
0.18794649610678532 0.5144444444444445
0.18804638487208009 0.5144444444444445
0.18814627363737485 0.5144444444444445
0.18824616240266961 0.5144444444444445
0.1883460511679644 0.5144444444444445
0.18844593993325917 0.5144444444444445
0.18854582869855394 0.5144444444444445
0.18864571746384873 0.5144444444444445
0.1887456062291435 0.5144444444444445
0.18884549499443826 0.5144444444444445
0.18894538375973302 0.5144444444444445
0.18904527252502779 0.5144444444444445
0.18914516129032258 0.5144444444444445
0.18924505005561734 0.5144444444444445
0.18934493882091213 0.5144444444444445
0.1894448275862069 0.5144444444444445
0.18954471635150166 0.5144444444444445
0.18964460511679643 0.5144444444444445
0.1897444938820912 0.5144444444444445
0.18984438264738598 0.5155555555555555
0.18994427141268075 0.5155555555555555
0.1900441601779755 0.5155555555555555
0.1901440489432703 0.5155555555555555
0.19024393770856507 0.5155555555555555
0.19034382647385983 0.5155555555555555
0.1904437152391546 0.5155555555555555
0.1905436040044494 0.5155555555555555
0.19064349276974416 0.5155555555555555
0.19074338153503892 0.5155555555555555
0.1908432703003337 0.5155555555555555
0.19094315906562848 0.5155555555555555
0.19104304783092324 0.5155555555555555
0.191142936596218 0.5155555555555555
0.19124282536151277 0.5166666666666667
0.19134271412680756 0.5177777777777778
0.19144260289210233 0.5177777777777778
0.1915424916573971 0.5177777777777778
0.19164238042269188 0.5177777777777778
0.19174226918798665 0.5177777777777778
0.1918421579532814 0.5177777777777778
0.19194204671857618 0.5177777777777778
0.19204193548387097 0.5177777777777778
0.19214182424916573 0.5188888888888888
0.1922417130144605 0.52
0.1923416017797553 0.5211111111111111
0.19244149054505005 0.5211111111111111
0.19254137931034482 0.5211111111111111
0.19264126807563958 0.5222222222222223
0.19274115684093435 0.5222222222222223
0.19284104560622914 0.5222222222222223
0.1929409343715239 0.5222222222222223
0.1930408231368187 0.5222222222222223
0.19314071190211346 0.5222222222222223
0.19324060066740822 0.5222222222222223
0.193340489432703 0.5222222222222223
0.19344037819799775 0.5222222222222223
0.19354026696329255 0.5222222222222223
0.1936401557285873 0.5233333333333333
0.19374004449388207 0.5233333333333333
0.19383993325917687 0.5244444444444445
0.19393982202447163 0.5255555555555556
0.1940397107897664 0.5255555555555556
0.19413959955506116 0.5255555555555556
0.19423948832035595 0.5266666666666666
0.19433937708565072 0.5277777777777778
0.19443926585094548 0.5277777777777778
0.19453915461624027 0.5277777777777778
0.19463904338153504 0.5288888888888889
0.1947389321468298 0.53
0.19483882091212457 0.5311111111111111
0.19493870967741933 0.5322222222222223
0.19503859844271412 0.5322222222222223
0.1951384872080089 0.5322222222222223
0.19523837597330368 0.5333333333333333
0.19533826473859844 0.5333333333333333
0.1954381535038932 0.5333333333333333
0.19553804226918797 0.5333333333333333
0.19563793103448274 0.5333333333333333
0.19573781979977753 0.5333333333333333
0.1958377085650723 0.5344444444444445
0.19593759733036706 0.5344444444444445
0.19603748609566185 0.5344444444444445
0.19613737486095661 0.5355555555555556
0.19623726362625138 0.5355555555555556
0.19633715239154614 0.5366666666666666
0.19643704115684094 0.5366666666666666
0.1965369299221357 0.5366666666666666
0.19663681868743046 0.5366666666666666
0.19673670745272526 0.5366666666666666
0.19683659621802002 0.5377777777777778
0.19693648498331479 0.5377777777777778
0.19703637374860955 0.54
0.19713626251390431 0.54
0.1972361512791991 0.5411111111111111
0.19733604004449387 0.5433333333333333
0.19743592880978866 0.5444444444444444
0.19753581757508343 0.5444444444444444
0.1976357063403782 0.5444444444444444
0.19773559510567296 0.5455555555555556
0.19783548387096772 0.5477777777777778
0.1979353726362625 0.5488888888888889
0.19803526140155728 0.5511111111111111
0.19813515016685204 0.5511111111111111
0.19823503893214683 0.5511111111111111
0.1983349276974416 0.5522222222222222
0.19843481646273636 0.5533333333333333
0.19853470522803113 0.5544444444444444
0.19863459399332592 0.5555555555555556
0.19873448275862068 0.5555555555555556
0.19883437152391545 0.5577777777777778
0.19893426028921024 0.5588888888888889
0.199034149054505 0.5588888888888889
0.19913403781979977 0.5588888888888889
0.19923392658509453 0.5611111111111111
0.1993338153503893 0.5611111111111111
0.1994337041156841 0.5611111111111111
0.19953359288097886 0.5622222222222222
0.19963348164627362 0.5633333333333334
0.1997333704115684 0.5655555555555556
0.19983325917686318 0.5655555555555556
0.19993314794215794 0.5655555555555556
0.2000330367074527 0.5655555555555556
0.2001329254727475 0.5655555555555556
0.20023281423804226 0.5666666666666667
0.20033270300333703 0.5688888888888889
0.20043259176863182 0.5688888888888889
0.20053248053392658 0.5688888888888889
0.20063236929922135 0.57
0.2007322580645161 0.57
0.20083214682981088 0.57
0.20093203559510567 0.57
0.20103192436040043 0.5711111111111111
0.20113181312569522 0.5711111111111111
0.20123170189099 0.5733333333333334
0.20133159065628475 0.5744444444444444
0.20143147942157952 0.5755555555555556
0.20153136818687428 0.5755555555555556
0.20163125695216907 0.5766666666666667
0.20173114571746384 0.5777777777777777
0.2018310344827586 0.58
0.2019309232480534 0.5822222222222222
0.20203081201334816 0.5822222222222222
0.20213070077864292 0.5833333333333334
0.2022305895439377 0.5844444444444444
0.20233047830923248 0.5844444444444444
0.20243036707452725 0.5844444444444444
0.202530255839822 0.5855555555555556
0.2026301446051168 0.5877777777777777
0.20273003337041157 0.59
0.20282992213570633 0.5922222222222222
0.2029298109010011 0.5944444444444444
0.20302969966629586 0.5944444444444444
0.20312958843159065 0.5955555555555555
0.20322947719688542 0.5955555555555555
0.2033293659621802 0.5955555555555555
0.20342925472747497 0.5966666666666667
0.20352914349276974 0.5977777777777777
0.2036290322580645 0.5977777777777777
0.20372892102335927 0.6
0.20382880978865406 0.6
0.20392869855394882 0.6033333333333334
0.20402858731924362 0.6044444444444445
0.20412847608453838 0.6055555555555555
0.20422836484983314 0.6066666666666667
0.2043282536151279 0.6077777777777778
0.20442814238042267 0.6077777777777778
0.20452803114571744 0.61
0.20462791991101223 0.6122222222222222
0.204727808676307 0.6144444444444445
0.20482769744160179 0.6166666666666667
0.20492758620689655 0.6211111111111111
0.20502747497219131 0.6211111111111111
0.20512736373748608 0.6244444444444445
0.20522725250278084 0.6266666666666667
0.20532714126807564 0.6288888888888889
0.2054270300333704 0.6288888888888889
0.2055269187986652 0.6288888888888889
0.20562680756395996 0.6322222222222222
0.20572669632925472 0.6355555555555555
0.20582658509454949 0.6366666666666667
0.20592647385984425 0.6377777777777778
0.20602636262513901 0.6388888888888888
0.2061262513904338 0.6422222222222222
0.2062261401557286 0.6433333333333333
0.20632602892102336 0.6433333333333333
0.20642591768631813 0.6455555555555555
0.2065258064516129 0.65
0.20662569521690766 0.6533333333333333
0.20672558398220242 0.6555555555555556
0.2068254727474972 0.6566666666666666
0.20692536151279198 0.6611111111111111
0.20702525027808677 0.6644444444444444
0.20712513904338153 0.6677777777777778
0.2072250278086763 0.67
0.20732491657397106 0.6755555555555556
0.20742480533926583 0.6766666666666666
0.20752469410456062 0.6777777777777778
0.20762458286985538 0.6833333333333333
0.20772447163515018 0.6866666666666666
0.20782436040044494 0.6888888888888889
0.2079242491657397 0.6933333333333334
0.20802413793103447 0.6955555555555556
0.20812402669632923 0.6966666666666667
0.208223915461624 0.7
0.2083238042269188 0.7
0.20842369299221356 0.7011111111111111
0.20852358175750835 0.7011111111111111
0.2086234705228031 0.7022222222222222
0.20872335928809788 0.7022222222222222
0.20882324805339264 0.7077777777777777
0.2089231368186874 0.71
0.2090230255839822 0.71
0.20912291434927696 0.7122222222222222
0.20922280311457175 0.7133333333333334
0.20932269187986652 0.7177777777777777
0.20942258064516128 0.7188888888888889
0.20952246941045605 0.7222222222222222
0.2096223581757508 0.7233333333333334
0.2097222469410456 0.7266666666666667
0.20982213570634037 0.7288888888888889
0.20992202447163516 0.7322222222222222
0.21002191323692992 0.7377777777777778
0.2101218020022247 0.7411111111111112
0.21022169076751945 0.7444444444444445
0.21032157953281422 0.7466666666666667
0.21042146829810898 0.7511111111111111
0.21052135706340377 0.7522222222222222
0.21062124582869854 0.7555555555555555
0.21072113459399333 0.76
0.2108210233592881 0.7666666666666667
0.21092091212458286 0.7722222222222223
0.21102080088987762 0.7755555555555556
0.2111206896551724 0.7788888888888889
0.21122057842046718 0.7833333333333333
0.21132046718576195 0.7866666666666666
0.21142035595105674 0.7911111111111111
0.2115202447163515 0.7955555555555556
0.21162013348164627 0.7955555555555556
0.21172002224694103 0.7988888888888889
0.2118199110122358 0.8
0.21191979977753056 0.8022222222222222
0.21201968854282535 0.8033333333333333
0.21211957730812014 0.8077777777777778
0.2122194660734149 0.8088888888888889
0.21231935483870967 0.8155555555555556
0.21241924360400444 0.8177777777777778
0.2125191323692992 0.8188888888888889
0.21261902113459397 0.82
0.21271890989988876 0.8255555555555556
0.21281879866518352 0.8277777777777777
0.21291868743047832 0.8333333333333334
0.21301857619577308 0.8355555555555556
0.21311846496106784 0.8366666666666667
0.2132183537263626 0.84
0.21331824249165737 0.84
0.21341813125695216 0.8422222222222222
0.21351802002224693 0.8444444444444444
0.21361790878754172 0.8455555555555555
0.21371779755283649 0.8488888888888889
0.21381768631813125 0.8511111111111112
0.21391757508342601 0.8522222222222222
0.21401746384872078 0.8544444444444445
0.21411735261401554 0.8588888888888889
0.21421724137931034 0.8633333333333333
0.21431713014460513 0.8677777777777778
0.2144170189098999 0.8677777777777778
0.21451690767519466 0.8677777777777778
0.21461679644048942 0.8688888888888889
0.21471668520578419 0.87
0.21481657397107895 0.8722222222222222
0.21491646273637374 0.8755555555555555
0.2150163515016685 0.8777777777777778
0.2151162402669633 0.8811111111111111
0.21521612903225806 0.8822222222222222
0.21531601779755283 0.8833333333333333
0.2154159065628476 0.8844444444444445
0.21551579532814236 0.8844444444444445
0.21561568409343715 0.8866666666666667
0.2157155728587319 0.89
0.2158154616240267 0.89
0.21591535038932147 0.8911111111111111
0.21601523915461623 0.8933333333333333
0.216115127919911 0.8977777777777778
0.21621501668520576 0.8988888888888888
0.21631490545050053 0.9011111111111111
0.21641479421579532 0.9033333333333333
0.21651468298109008 0.9033333333333333
0.21661457174638488 0.9044444444444445
0.21671446051167964 0.9055555555555556
0.2168143492769744 0.91
0.21691423804226917 0.9155555555555556
0.21701412680756393 0.92
0.21711401557285873 0.9211111111111111
0.2172139043381535 0.9244444444444444
0.21731379310344828 0.9244444444444444
0.21741368186874305 0.9244444444444444
0.2175135706340378 0.9266666666666666
0.21761345939933258 0.9266666666666666
0.21771334816462734 0.9277777777777778
0.21781323692992213 0.9288888888888889
0.2179131256952169 0.93
0.2180130144605117 0.9311111111111111
0.21811290322580645 0.9333333333333333
0.21821279199110122 0.9355555555555556
0.21831268075639598 0.9366666666666666
0.21841256952169075 0.9388888888888889
0.2185124582869855 0.94
0.2186123470522803 0.9411111111111111
0.21871223581757507 0.9422222222222222
0.21881212458286986 0.9444444444444444
0.21891201334816462 0.9444444444444444
0.2190119021134594 0.9477777777777778
0.21911179087875415 0.9488888888888889
0.21921167964404892 0.95
0.2193115684093437 0.9533333333333334
0.21941145717463847 0.9533333333333334
0.21951134593993327 0.9533333333333334
0.21961123470522803 0.9577777777777777
0.2197111234705228 0.9611111111111111
0.21981101223581756 0.9611111111111111
0.21991090100111232 0.9655555555555555
0.2200107897664071 0.9666666666666667
0.22011067853170188 0.9666666666666667
0.22021056729699667 0.97
0.22031045606229144 0.97
0.2204103448275862 0.97
0.22051023359288097 0.97
0.22061012235817573 0.97
0.2207100111234705 0.9711111111111111
0.2208098998887653 0.9711111111111111
0.22090978865406005 0.9711111111111111
0.22100967741935484 0.9711111111111111
0.2211095661846496 0.9733333333333334
0.22120945494994437 0.9755555555555555
0.22130934371523914 0.9788888888888889
0.2214092324805339 0.9788888888888889
0.2215091212458287 0.9788888888888889
0.22160901001112346 0.98
0.22170889877641825 0.9822222222222222
0.22180878754171302 0.9822222222222222
0.22190867630700778 0.9822222222222222
0.22200856507230254 0.9822222222222222
0.2221084538375973 0.9822222222222222
0.22220834260289207 0.9822222222222222
0.22230823136818686 0.9822222222222222
0.22240812013348163 0.9822222222222222
0.22250800889877642 0.9822222222222222
0.22260789766407119 0.9822222222222222
0.22270778642936595 0.9822222222222222
0.22280767519466071 0.9822222222222222
0.22290756395995548 0.9833333333333333
0.22300745272525027 0.9833333333333333
0.22310734149054504 0.9833333333333333
0.22320723025583983 0.9844444444444445
0.2233071190211346 0.9844444444444445
0.22340700778642936 0.9855555555555555
0.22350689655172412 0.9866666666666667
0.22360678531701889 0.9866666666666667
0.22370667408231368 0.9877777777777778
0.22380656284760844 0.9877777777777778
0.22390645161290323 0.9888888888888889
0.224006340378198 0.9888888888888889
0.22410622914349276 0.99
0.22420611790878753 0.99
0.2243060066740823 0.99
0.22440589543937706 0.99
0.22450578420467185 0.99
0.2246056729699666 0.99
0.2247055617352614 0.99
0.22480545050055617 0.99
0.22490533926585093 0.99
0.2250052280311457 0.99
0.22510511679644046 0.99
0.22520500556173526 0.99
0.22530489432703002 0.99
0.2254047830923248 0.99
0.22550467185761958 0.99
0.22560456062291434 0.99
0.2257044493882091 0.99
0.22580433815350387 0.99
0.22590422691879863 0.9922222222222222
0.22600411568409343 0.9922222222222222
0.22610400444938822 0.9922222222222222
0.22620389321468298 0.9933333333333333
0.22630378197997775 0.9933333333333333
0.2264036707452725 0.9933333333333333
0.22650355951056728 0.9944444444444445
0.22660344827586204 0.9944444444444445
0.22670333704115683 0.9944444444444445
0.2268032258064516 0.9944444444444445
0.2269031145717464 0.9944444444444445
0.22700300333704115 0.9955555555555555
0.22710289210233592 0.9955555555555555
0.22720278086763068 0.9955555555555555
0.22730266963292545 0.9955555555555555
0.22740255839822024 0.9955555555555555
0.227502447163515 0.9955555555555555
0.2276023359288098 0.9955555555555555
0.22770222469410456 0.9955555555555555
0.22780211345939932 0.9955555555555555
0.2279020022246941 0.9966666666666667
0.22800189098998885 0.9966666666666667
0.22810177975528362 0.9966666666666667
0.2282016685205784 0.9988888888888889
0.2283015572858732 0.9988888888888889
0.22840144605116797 0.9988888888888889
0.22850133481646273 0.9988888888888889
0.2286012235817575 0.9988888888888889
0.22870111234705226 0.9988888888888889
0.22880100111234702 0.9988888888888889
0.22890088987764182 0.9988888888888889
0.22900077864293658 0.9988888888888889
0.22910066740823137 0.9988888888888889
0.22920055617352614 0.9988888888888889
0.2293004449388209 0.9988888888888889
0.22940033370411567 0.9988888888888889
0.22950022246941043 0.9988888888888889
0.22960011123470522 0.9988888888888889
0.2297 1.0
